{
 "cells": [
  {
   "cell_type": "code",
   "execution_count": 1,
   "metadata": {},
   "outputs": [
    {
     "name": "stderr",
     "output_type": "stream",
     "text": [
      "C:\\Users\\TURBULENCE\\anaconda3\\lib\\site-packages\\ipykernel_launcher.py:87: DeprecationWarning: time.clock has been deprecated in Python 3.3 and will be removed from Python 3.8: use time.perf_counter or time.process_time instead\n"
     ]
    },
    {
     "name": "stdout",
     "output_type": "stream",
     "text": [
      "...evaluating matrix...\n",
      "(0,0)\n",
      "(0,1)\n",
      "(0,2)\n",
      "(0,3)\n",
      "(0,4)\n",
      "(0,5)\n",
      "(0,6)\n",
      "(0,7)\n",
      "(1,1)\n",
      "(1,2)\n",
      "(1,3)\n",
      "(1,4)\n",
      "(1,5)\n",
      "(1,6)\n",
      "(1,7)\n",
      "(2,2)\n",
      "(2,3)\n",
      "(2,4)\n",
      "(2,5)\n",
      "(2,6)\n",
      "(2,7)\n",
      "(3,3)\n",
      "(3,4)\n",
      "(3,5)\n",
      "(3,6)\n",
      "(3,7)\n",
      "(4,4)\n",
      "(4,5)\n",
      "(4,6)\n",
      "(4,7)\n",
      "(5,5)\n",
      "(5,6)\n",
      "(5,7)\n",
      "(6,6)\n",
      "(6,7)\n",
      "(7,7)\n",
      "\n",
      "('A:\\n', array([[ 1.25000000e-01,  6.10673003e-18,  6.59062874e-18,\n",
      "         4.63225289e-20,  1.03621141e-17,  1.64513355e-20,\n",
      "         6.65864441e-19,  6.55298598e-20],\n",
      "       [ 6.10673003e-18,  1.25000000e-01, -1.24709424e-19,\n",
      "         7.58940250e-18, -1.82466179e-20,  4.45915727e-18,\n",
      "        -6.56260751e-21, -2.43715642e-19],\n",
      "       [ 6.59062874e-18, -1.24709424e-19,  1.25000000e-01,\n",
      "         6.66621203e-18,  1.58156740e-18, -6.56260751e-21,\n",
      "         6.30489643e-18,  3.89654534e-20],\n",
      "       [ 4.63225289e-20,  7.58940250e-18,  6.66621203e-18,\n",
      "         1.25000000e-01, -7.56664053e-20,  1.45155411e-19,\n",
      "         1.42073238e-19,  7.52993970e-18],\n",
      "       [ 1.03621141e-17, -1.82466179e-20,  1.58156740e-18,\n",
      "        -7.56664053e-20,  1.25000000e-01,  6.28106179e-18,\n",
      "         6.76605095e-18,  6.02078188e-19],\n",
      "       [ 1.64513355e-20,  4.45915727e-18, -6.56260751e-21,\n",
      "         1.45155411e-19,  6.28106179e-18,  1.25000000e-01,\n",
      "        -5.25927377e-19,  9.25789840e-18],\n",
      "       [ 6.65864441e-19, -6.56260751e-21,  6.30489643e-18,\n",
      "         1.42073238e-19,  6.76605095e-18, -5.25927377e-19,\n",
      "         1.25000000e-01,  6.44716881e-18],\n",
      "       [ 6.55298598e-20, -2.43715642e-19,  3.89654534e-20,\n",
      "         7.52993970e-18,  6.02078188e-19,  9.25789840e-18,\n",
      "         6.44716881e-18,  1.25000000e-01]]), '\\nb:\\n', array([1.88803776e-17, 1.36664989e-17, 1.12513463e-17, 2.50000000e-01,\n",
      "       3.75000000e-01, 2.46497132e-17, 1.97267708e-17, 1.63522547e-17]))\n",
      "('coeff:', array([-9.83888788e-17, -1.16605297e-17, -5.46062399e-17,  2.00000000e+00,\n",
      "        3.00000000e+00,  4.41297363e-17, -6.84422781e-18, -4.11087412e-18]))\n",
      "('approximation:', -9.83888788340761e-17*sin(pi*x)*sin(pi*y)*sin(pi*z) + 3.0*sin(pi*x)*sin(pi*y)*sin(2*pi*z) - 5.46062398956636e-17*sin(pi*x)*sin(2*pi*y)*sin(pi*z) - 6.84422780958398e-18*sin(pi*x)*sin(2*pi*y)*sin(2*pi*z) - 1.16605296707883e-17*sin(2*pi*x)*sin(pi*y)*sin(pi*z) + 4.41297363317943e-17*sin(2*pi*x)*sin(pi*y)*sin(2*pi*z) + 2.0*sin(2*pi*x)*sin(2*pi*y)*sin(pi*z) - 4.1108741176374e-18*sin(2*pi*x)*sin(2*pi*y)*sin(2*pi*z))\n",
      "('diff:', 4.440892098500626e-16)\n"
     ]
    }
   ],
   "source": [
    "\"\"\"\n",
    "3D version of approx2D.py.\n",
    "Numerical integration only.\n",
    "\"\"\"\n",
    "import sympy as sym\n",
    "import numpy as np\n",
    "import scipy.integrate\n",
    "\n",
    "def least_squares(f, psi, Omega):\n",
    "    \"\"\"\n",
    "    Given a function f(x,y,z) on a rectangular domain\n",
    "    Omega=[[xmin,xmax],[ymin,ymax],[zmin,zmax]],\n",
    "    return the best approximation to f in the space V\n",
    "    spanned by the functions in the list psi.\n",
    "    f and psi are symbolic (sympy) expressions, but will\n",
    "    be converted to numeric functions for faster integration.\n",
    "    \"\"\"\n",
    "    N = len(psi) - 1\n",
    "    A = np.zeros((N+1, N+1))\n",
    "    b = np.zeros(N+1)\n",
    "    x, y, z = sym.symbols('x y z')\n",
    "    f = sym.lambdify([x, y, z], f, modules='numpy')\n",
    "    psi_sym = psi[:]  # take a copy, needed for forming u later\n",
    "    psi = [sym.lambdify([x, y, z], psi[i]) for i in range(len(psi))]\n",
    "\n",
    "    print('...evaluating matrix...')\n",
    "    for i in range(N+1):\n",
    "        for j in range(i, N+1):\n",
    "            print(('(%d,%d)' % (i, j)))\n",
    "\n",
    "            integrand = lambda x, y, z: psi[i](x,y,z)*psi[j](x,y,z)\n",
    "            I, err = scipy.integrate.nquad(\n",
    "                integrand,\n",
    "                [[Omega[0][0], Omega[0][1]],\n",
    "                 [Omega[1][0], Omega[1][1]],\n",
    "                 [Omega[2][0], Omega[2][1]]])\n",
    "            A[i,j] = A[j,i] = I\n",
    "        integrand = lambda x, y, z: psi[i](x,y,z)*f(x,y,z)\n",
    "        I, err = scipy.integrate.nquad(\n",
    "            integrand,\n",
    "            [[Omega[0][0], Omega[0][1]],\n",
    "             [Omega[1][0], Omega[1][1]],\n",
    "             [Omega[2][0], Omega[2][1]]])\n",
    "        b[i] = I\n",
    "    print()\n",
    "    c = np.linalg.solve(A, b)\n",
    "    if N <= 10:\n",
    "        print(('A:\\n', A, '\\nb:\\n', b))\n",
    "        print(('coeff:', c))\n",
    "    u = sum(c[i]*psi_sym[i] for i in range(len(psi_sym)))\n",
    "    print(('approximation:', u))\n",
    "    return u, c\n",
    "\n",
    "def sine_basis(Nx, Ny, Nz):\n",
    "    \"\"\"\n",
    "    Compute basis sin((p+1)*pi*x)*sin((q+1)*pi*y)*sin((r+1)*pi*z),\n",
    "    p=0,...,Nx, q=0,...,Ny, r=0,...,Nz.\n",
    "    \"\"\"\n",
    "    x, y, z = sym.symbols('x y z')\n",
    "    psi = []\n",
    "    for r in range(0, Nz+1):\n",
    "        for q in range(0, Ny+1):\n",
    "            for p in range(0, Nx+1):\n",
    "                s = sym.sin((p+1)*sym.pi*x)*\\\n",
    "                    sym.sin((q+1)*sym.pi*y)*sym.sin((r+1)*sym.pi*z)\n",
    "                psi.append(s)\n",
    "    return psi\n",
    "\n",
    "def test_least_squares():\n",
    "    # Use sine functions\n",
    "    x, y, z = sym.symbols('x y z')\n",
    "    N = 1  # (N+1)**3 = 8 basis functions\n",
    "    psi = sine_basis(N, N, N)\n",
    "    f_coeff = [0]*len(psi)\n",
    "    f_coeff[3] = 2\n",
    "    f_coeff[4] = 3\n",
    "    f = sum(f_coeff[i]*psi[i] for i in range(len(psi)))\n",
    "    # Check that u exactly reproduces f\n",
    "    u, c = least_squares(f, psi, Omega=[[0,1], [0,1], [0,1]])\n",
    "    diff = np.abs(np.array(c) - np.array(f_coeff)).max()\n",
    "    print(('diff:', diff))\n",
    "    tol = 1E-15\n",
    "    assert diff < tol\n",
    "\n",
    "if __name__ == '__main__':\n",
    "    import time\n",
    "    t0 = time.clock()\n",
    "    test_least_squares()\n"
   ]
  },
  {
   "cell_type": "code",
   "execution_count": null,
   "metadata": {},
   "outputs": [],
   "source": []
  }
 ],
 "metadata": {
  "kernelspec": {
   "display_name": "Python 3",
   "language": "python",
   "name": "python3"
  },
  "language_info": {
   "codemirror_mode": {
    "name": "ipython",
    "version": 3
   },
   "file_extension": ".py",
   "mimetype": "text/x-python",
   "name": "python",
   "nbconvert_exporter": "python",
   "pygments_lexer": "ipython3",
   "version": "3.7.9"
  }
 },
 "nbformat": 4,
 "nbformat_minor": 4
}
